  -35.59865      -35.52946      -35.46027      -35.39108      -35.32189    
  -35.25270      -35.18351      -35.11432      -35.04512      -34.97593    
  -34.90674      -34.83755      -34.76836      -34.69917      -34.62998    
  -34.56079      -34.49160      -34.42241      -34.35321      -34.28402    
  -34.21483      -34.14564      -34.07645      -34.00726      -33.93807    
  -33.86888      -33.79969      -33.73050      -33.66130      -33.59211    
  -33.52292      -33.45373      -33.38454      -33.31535      -33.24616    
  -33.17697      -33.10778      -33.03859      -32.96939      -32.90020    
  -32.83101      -32.76182      -32.69263      -32.62344      -32.55425    
  -32.48506      -32.41587      -32.34668      -32.27748      -32.20829    
  -32.13910      -32.06991      -32.00072      -31.93153      -31.86234    
  -31.79315      -31.72396      -31.65477      -31.58558      -31.51638    
  -31.44719      -31.37800      -31.30881      -31.23962      -31.17043    
  -31.10124      -31.03205      -30.96286      -30.89367      -30.82447    
  -30.75528      -30.68609      -30.61690      -30.54771      -30.47852    
  -30.40933      -30.34014      -30.27095      -30.20176      -30.13256    
  -30.06337      -29.99418      -29.92499      -29.85580      -29.78661    
  -29.71742      -29.64823      -29.57904      -29.50985      -29.44065    
  -29.37146      -29.30227      -29.23308      -29.16389      -29.09470    
  -29.02551      -28.95632      -28.88713      -28.81794      -28.74874    
  -28.67955      -28.61036      -28.54117      -28.47198      -28.40279    
  -28.33360      -28.26441      -28.19522      -28.12603      -28.05684    
  -27.98764      -27.91845      -27.84926      -27.78007      -27.71088    
  -27.64169      -27.57250      -27.50331      -27.43412      -27.36493    
  -27.29573      -27.22654      -27.15735      -27.08816      -27.01897    
  -26.94978      -26.88059      -26.81140      -26.74221      -26.67302    
  -26.60382      -26.53463      -26.46544      -26.39625      -26.32706    
  -26.25787      -26.18868      -26.11949      -26.05030      -25.98111    
  -25.91191      -25.84272      -25.77353      -25.70434      -25.63515    
  -25.56596      -25.49677      -25.42758      -25.35839      -25.28920    
  -25.22001      -25.15081      -25.08162      -25.01243      -24.94324    
  -24.87405      -24.80486      -24.73567      -24.66648      -24.59729    
  -24.52810      -24.45890      -24.38971      -24.32052      -24.25133    
  -24.18214      -24.11295      -24.04376      -23.97457      -23.90538    
  -23.83619      -23.76699      -23.69780      -23.62861      -23.55942    
  -23.49023      -23.42104      -23.35185      -23.28266      -23.21347    
  -23.14428      -23.07508      -23.00589      -22.93670      -22.86751    
  -22.79832      -22.72913      -22.65994      -22.59075      -22.52156    
  -22.45237      -22.38317      -22.31398      -22.24479      -22.17560    
  -22.10641      -22.03722      -21.96803      -21.89884      -21.82965    
  -21.76046      -21.69127      -21.62207      -21.55288      -21.48369    
  -21.41450      -21.34531      -21.27612      -21.20693      -21.13774    
  -21.06855      -20.99936      -20.93016      -20.86097      -20.79178    
  -20.72259      -20.65340      -20.58421      -20.51502      -20.44583    
  -20.37664      -20.30745      -20.23825      -20.16906      -20.09987    
  -20.03068      -19.96149      -19.89230      -19.82311      -19.75392    
  -19.68473      -19.61554      -19.54634      -19.47715      -19.40796    
  -19.33877      -19.26958      -19.20039      -19.13120      -19.06201    
  -18.99282      -18.92363      -18.85443      -18.78524      -18.71605    
  -18.64686      -18.57767      -18.50848      -18.43929      -18.37010    
  -18.30091      -18.23172      -18.16253      -18.09333      -18.02414    
  -17.95495      -17.88576      -17.81657      -17.74738      -17.67819    
  -17.60900      -17.53981      -17.47062      -17.40142      -17.33223    
  -17.26304      -17.19385      -17.12466      -17.05547      -16.98628    
  -16.91709      -16.84790      -16.77871      -16.70951      -16.64032    
  -16.57113      -16.50194      -16.43275      -16.36356      -16.29437    
  -16.22518      -16.15599      -16.08680      -16.01760      -15.94841    
  -15.87922      -15.81003      -15.74084      -15.67165      -15.60246    
  -15.53327      -15.46408      -15.39489      -15.32570      -15.25650    
  -15.18731      -15.11812      -15.04893      -14.97974      -14.91055    
  -14.84136      -14.77217      -14.70298      -14.63379      -14.56459    
  -14.49540      -14.42621      -14.35702      -14.28783      -14.21864    
  -14.14945      -14.08026      -14.01107      -13.94188      -13.87268    
  -13.80349      -13.73430      -13.66511      -13.59592      -13.52673    
  -13.45754      -13.38835      -13.31916      -13.24997      -13.18077    
  -13.11158      -13.04239      -12.97320      -12.90401      -12.83482    
  -12.76563      -12.69644      -12.62725      -12.55806      -12.48886    
  -12.41967      -12.35048      -12.28129      -12.21210      -12.14291    
  -12.07372      -12.00453      -11.93534      -11.86615      -11.79696    
  -11.72776      -11.65857      -11.58938      -11.52019      -11.45100    
  -11.38181      -11.31262      -11.24343      -11.17424      -11.10505    
  -11.03585      -10.96666      -10.89747      -10.82828      -10.75909    
  -10.68990      -10.62071      -10.55152      -10.48233      -10.41314    
  -10.34394      -10.27475      -10.20556      -10.13637      -10.06718    
  -9.997990      -9.928799      -9.859608      -9.790417      -9.721226    
  -9.652035      -9.582844      -9.513653      -9.444462      -9.375271    
  -9.306080      -9.236889      -9.167698      -9.098507      -9.029316    
  -8.960125      -8.890934      -8.821743      -8.752552      -8.683361    
  -8.614170      -8.544979      -8.475788      -8.406597      -8.337406    
  -8.268215      -8.199024      -8.129833      -8.060642      -7.991451    
  -7.922259      -7.853068      -7.783876      -7.714685      -7.645494    
  -7.576302      -7.507111      -7.437919      -7.368728      -7.299536    
  -7.230345      -7.161153      -7.091962      -7.022770      -6.953579    
  -6.884387      -6.815196      -6.746005      -6.676813      -6.607622    
  -6.538430      -6.469239      -6.400047      -6.330856      -6.261664    
  -6.192473      -6.123281      -6.054090      -5.984899      -5.915707    
  -5.846516      -5.777324      -5.708133      -5.638941      -5.569750    
  -5.500558      -5.431367      -5.362175      -5.292984      -5.223793    
  -5.154601      -5.085410      -5.016218      -4.947027      -4.877835    
  -4.808644      -4.739452      -4.670261      -4.601069      -4.531878    
  -4.462687      -4.393495      -4.324304      -4.255112      -4.185921    
  -4.116729      -4.047538      -3.978346      -3.909155      -3.839963    
  -3.770772      -3.701581      -3.632389      -3.563198      -3.494006    
  -3.424815      -3.355623      -3.286432      -3.217240      -3.148049    
  -3.078857      -3.009666      -2.940475      -2.871283      -2.802092    
  -2.732900      -2.663709      -2.594517      -2.525326      -2.456134    
  -2.386943      -2.317751      -2.248560      -2.179368      -2.110177    
  -2.040986      -1.971794      -1.902603      -1.833412      -1.764220    
  -1.695029      -1.625838      -1.556646      -1.487455      -1.418264    
  -1.349072      -1.279881      -1.210690      -1.141498      -1.072307    
