   7040000.00000000     
   7680000.00000000     
   8320000.00000000     
   8960000.00000000     
   9600000.00000000     
   10240000.0000000     
   10880000.0000000     
   11520000.0000000     
   12160000.0000000     
   12800000.0000000     
   13440000.0000000     
   14080000.0000000     
   14720000.0000000     
   15360000.0000000     
   16000000.0000000     
   16640000.0000000     
   17280000.0000000     
   17920000.0000000     
   18560000.0000000     
   19200000.0000000     
   19840000.0000000     
   20480000.0000000     
   21120000.0000000     
   21760000.0000000     
   22400000.0000000     
   23040000.0000000     
   23680000.0000000     
   24320000.0000000     
   24960000.0000000     
   25600000.0000000     
   26240000.0000000     
   26880000.0000000     
   27520000.0000000     
   28160000.0000000     
   28800000.0000000     
   29440000.0000000     
   30080000.0000000     
   30720000.0000000     
   31360000.0000000     
   32000000.0000000     
   32640000.0000000     
   33280000.0000000     
   33920000.0000000     
   34560000.0000000     
   35200000.0000000     
   35840000.0000000     
   36480000.0000000     
   37120000.0000000     
   37760000.0000000     
   38400000.0000000     
   39040000.0000000     
   39680000.0000000     
   40320000.0000000     
   40960000.0000000     
   41600000.0000000     
   42240000.0000000     
   42880000.0000000     
   43520000.0000000     
   44160000.0000000     
   44800000.0000000     
   45440000.0000000     
   46080000.0000000     
   46720000.0000000     
   47360000.0000000     
   48000000.0000000     
   48640000.0000000     
   49280000.0000000     
   49920000.0000000     
   50560000.0000000     
   51200000.0000000     
   51840000.0000000     
   52480000.0000000     
   53120000.0000000     
   53760000.0000000     
   54400000.0000000     
   55040000.0000000     
   55680000.0000000     
   56320000.0000000     
   56960000.0000000     
   57600000.0000000     
   58240000.0000000     
   58880000.0000000     
   59520000.0000000     
   60160000.0000000     
   60800000.0000000     
   61440000.0000000     
   62080000.0000000     
   62720000.0000000     
   63360000.0000000     
   64000000.0000000     
   64640000.0000000     
   65280000.0000000     
   65920000.0000000     
   66560000.0000000     
   67200000.0000000     
   67840000.0000000     
   68480000.0000000     
   69120000.0000000     
   69760000.0000000     
   70400000.0000000     
   71040000.0000000     
   71680000.0000000     
   72320000.0000000     
   72960000.0000000     
   73600000.0000000     
   74240000.0000000     
   74880000.0000000     
   75520000.0000000     
   76160000.0000000     
   76800000.0000000     
   77440000.0000000     
   78080000.0000000     
   78720000.0000000     
   79360000.0000000     
   80000000.0000000     
   80640000.0000000     
   81280000.0000000     
   81920000.0000000     
   82560000.0000000     
   83200000.0000000     
   83840000.0000000     
   84480000.0000000     
   85120000.0000000     
   85760000.0000000     
   86400000.0000000     
   87040000.0000000     
   87680000.0000000     
   88320000.0000000     
   88960000.0000000     
   89600000.0000000     
   90240000.0000000     
   90880000.0000000     
   91520000.0000000     
   92160000.0000000     
   92800000.0000000     
   93440000.0000000     
   94080000.0000000     
   94720000.0000000     
   95360000.0000000     
   96000000.0000000     
   96640000.0000000     
   97280000.0000000     
   97920000.0000000     
   98560000.0000000     
   99200000.0000000     
   99840000.0000000     
   100480000.000000     
   101120000.000000     
   101760000.000000     
   102400000.000000     
   103040000.000000     
   103680000.000000     
   104320000.000000     
   104960000.000000     
   105600000.000000     
   106240000.000000     
   106880000.000000     
   107520000.000000     
   108160000.000000     
   108800000.000000     
   109440000.000000     
   110080000.000000     
   110720000.000000     
   111360000.000000     
   112000000.000000     
   112640000.000000     
   113280000.000000     
   113920000.000000     
   114560000.000000     
   115200000.000000     
   115840000.000000     
   116480000.000000     
   117120000.000000     
   117760000.000000     
   118400000.000000     
   119040000.000000     
   119680000.000000     
   120320000.000000     
   120960000.000000     
   121600000.000000     
   122240000.000000     
   122880000.000000     
   123520000.000000     
   124160000.000000     
   124800000.000000     
   125440000.000000     
   126080000.000000     
   126720000.000000     
   127360000.000000     
   128000000.000000     
   128640000.000000     
   129280000.000000     
   129920000.000000     
   130560000.000000     
   131200000.000000     
   131840000.000000     
   132480000.000000     
   133120000.000000     
   133760000.000000     
   134400000.000000     
   135040000.000000     
   135680000.000000     
   136320000.000000     
   136960000.000000     
   137600000.000000     
   138240000.000000     
   138880000.000000     
   139520000.000000     
   140160000.000000     
   140800000.000000     
   141440000.000000     
   142080000.000000     
   142720000.000000     
   143360000.000000     
   144000000.000000     
   144640000.000000     
   145280000.000000     
   145920000.000000     
   146560000.000000     
   147200000.000000     
   147840000.000000     
   148480000.000000     
   149120000.000000     
   149760000.000000     
   150400000.000000     
   151040000.000000     
   151680000.000000     
   152320000.000000     
   152960000.000000     
   153600000.000000     
   154240000.000000     
   154880000.000000     
   155520000.000000     
   156160000.000000     
   156800000.000000     
   157440000.000000     
   158080000.000000     
   158720000.000000     
   159360000.000000     
   160000000.000000     
   160640000.000000     
   161280000.000000     
   161920000.000000     
   162560000.000000     
   163200000.000000     
   163840000.000000     
   164480000.000000     
   165120000.000000     
   165760000.000000     
   166400000.000000     
   167040000.000000     
   167680000.000000     
   168320000.000000     
   168960000.000000     
   169600000.000000     
   170240000.000000     
   170880000.000000     
   171520000.000000     
   172160000.000000     
   172800000.000000     
   173440000.000000     
   174080000.000000     
   174720000.000000     
   175360000.000000     
   176000000.000000     
   176640000.000000     
   177280000.000000     
   177920000.000000     
   178560000.000000     
   179200000.000000     
   179840000.000000     
   180480000.000000     
   181120000.000000     
   181760000.000000     
   182400000.000000     
   183040000.000000     
   183680000.000000     
   184320000.000000     
   184960000.000000     
   185600000.000000     
   186240000.000000     
   186880000.000000     
   187520000.000000     
   188160000.000000     
   188800000.000000     
   189440000.000000     
   190080000.000000     
   190720000.000000     
   191360000.000000     
   192000000.000000     
   192640000.000000     
   193280000.000000     
   193920000.000000     
   194560000.000000     
   195200000.000000     
   195840000.000000     
   196480000.000000     
   197120000.000000     
   197760000.000000     
   198400000.000000     
   199040000.000000     
   199680000.000000     
   200320000.000000     
   200960000.000000     
   201600000.000000     
   202240000.000000     
   202880000.000000     
   203520000.000000     
   204160000.000000     
   204800000.000000     
   205440000.000000     
   206080000.000000     
   206720000.000000     
   207360000.000000     
   208000000.000000     
   208640000.000000     
   209280000.000000     
   209920000.000000     
   210560000.000000     
   211200000.000000     
   211840000.000000     
   212480000.000000     
   213120000.000000     
   213760000.000000     
   214400000.000000     
   215040000.000000     
   215680000.000000     
   216320000.000000     
   216960000.000000     
   217600000.000000     
   218240000.000000     
   218880000.000000     
   219520000.000000     
   220160000.000000     
   220800000.000000     
   221440000.000000     
   222080000.000000     
   222720000.000000     
   223360000.000000     
   224000000.000000     
   224640000.000000     
   225280000.000000     
   225920000.000000     
   226560000.000000     
   227200000.000000     
   227840000.000000     
   228480000.000000     
   229120000.000000     
   229760000.000000     
   230400000.000000     
   231040000.000000     
   231680000.000000     
   232320000.000000     
   232960000.000000     
   233600000.000000     
   234240000.000000     
   234880000.000000     
   235520000.000000     
   236160000.000000     
   236800000.000000     
   237440000.000000     
   238080000.000000     
   238720000.000000     
   239360000.000000     
   240000000.000000     
   240640000.000000     
   241280000.000000     
   241920000.000000     
   242560000.000000     
   243200000.000000     
   243840000.000000     
   244480000.000000     
   245120000.000000     
   245760000.000000     
   246400000.000000     
   247040000.000000     
   247680000.000000     
   248320000.000000     
   248960000.000000     
   249600000.000000     
   250240000.000000     
   250880000.000000     
   251520000.000000     
   252160000.000000     
   252800000.000000     
   253440000.000000     
   254080000.000000     
   254720000.000000     
   255360000.000000     
   256000000.000000     
   256640000.000000     
   257280000.000000     
   257920000.000000     
   258560000.000000     
   259200000.000000     
   259840000.000000     
   260480000.000000     
   261120000.000000     
   261760000.000000     
   262400000.000000     
   263040000.000000     
   263680000.000000     
   264320000.000000     
   264960000.000000     
   265600000.000000     
   266240000.000000     
   266880000.000000     
   267520000.000000     
   268160000.000000     
   268800000.000000     
   269440000.000000     
   270080000.000000     
   270720000.000000     
   271360000.000000     
   272000000.000000     
   272640000.000000     
   273280000.000000     
   273920000.000000     
   274560000.000000     
   275200000.000000     
   275840000.000000     
   276480000.000000     
   277120000.000000     
   277760000.000000     
   278400000.000000     
   279040000.000000     
   279680000.000000     
   280320000.000000     
   280960000.000000     
   281600000.000000     
   282240000.000000     
   282880000.000000     
   283520000.000000     
   284160000.000000     
   284800000.000000     
   285440000.000000     
   286080000.000000     
   286720000.000000     
   287360000.000000     
   288000000.000000     
   288640000.000000     
   289280000.000000     
   289920000.000000     
   290560000.000000     
   291200000.000000     
   291840000.000000     
   292480000.000000     
   293120000.000000     
   293760000.000000     
   294400000.000000     
   295040000.000000     
   295680000.000000     
   296320000.000000     
   296960000.000000     
   297600000.000000     
   298240000.000000     
   298880000.000000     
   299520000.000000     
   300160000.000000     
   300800000.000000     
   301440000.000000     
   302080000.000000     
   302720000.000000     
   303360000.000000     
   304000000.000000     
   304640000.000000     
   305280000.000000     
   305920000.000000     
   306560000.000000     
   307200000.000000     
   307840000.000000     
   308480000.000000     
   309120000.000000     
   309760000.000000     
   310400000.000000     
   311040000.000000     
   311680000.000000     
   312320000.000000     
   312960000.000000     
   313600000.000000     
   314240000.000000     
   314880000.000000     
   315520000.000000     
   316160000.000000     
   316800000.000000     
   317440000.000000     
   318080000.000000     
   318720000.000000     
   319360000.000000     
   320000000.000000     
   320640000.000000     
   321280000.000000     
   321920000.000000     
   322560000.000000     
   323200000.000000     
   323840000.000000     
   324480000.000000     
   325120000.000000     
   325760000.000000     
   326400000.000000     
   327040000.000000     
   327680000.000000     
   328320000.000000     
   328960000.000000     
   329600000.000000     
   330240000.000000     
   330880000.000000     
   331520000.000000     
   332160000.000000     
   332800000.000000     
   333440000.000000     
   334080000.000000     
   334720000.000000     
   335360000.000000     
   336000000.000000     
   336640000.000000     
   337280000.000000     
   337920000.000000     
   338560000.000000     
   339200000.000000     
   339840000.000000     
   340480000.000000     
   341120000.000000     
   341760000.000000     
   342400000.000000     
   343040000.000000     
   343680000.000000     
   344320000.000000     
   344960000.000000     
   345600000.000000     
   346240000.000000     
   346880000.000000     
   347520000.000000     
   348160000.000000     
   348800000.000000     
   349440000.000000     
   350080000.000000     
   350720000.000000     
   351360000.000000     
   352000000.000000     
   352640000.000000     
   353280000.000000     
   353920000.000000     
   354560000.000000     
   355200000.000000     
   355840000.000000     
   356480000.000000     
   357120000.000000     
   357760000.000000     
   358400000.000000     
   359040000.000000     
   359680000.000000     
   360320000.000000     
   360960000.000000     
   361600000.000000     
   362240000.000000     
   362880000.000000     
   363520000.000000     
   364160000.000000     
   364800000.000000     
   365440000.000000     
   366080000.000000     
   366720000.000000     
   367360000.000000     
   368000000.000000     
   368640000.000000     
   369280000.000000     
   369920000.000000     
   370560000.000000     
   371200000.000000     
   371840000.000000     
   372480000.000000     
   373120000.000000     
   373760000.000000     
   374400000.000000     
   375040000.000000     
   375680000.000000     
   376320000.000000     
   376960000.000000     
   377600000.000000     
   378240000.000000     
   378880000.000000     
   379520000.000000     
   380160000.000000     
   380800000.000000     
   381440000.000000     
   382080000.000000     
   382720000.000000     
   383360000.000000     
   384000000.000000     
   384640000.000000     
   385280000.000000     
   385920000.000000     
   386560000.000000     
   387200000.000000     
   387840000.000000     
   388480000.000000     
   389120000.000000     
   389760000.000000     
   390400000.000000     
   391040000.000000     
   391680000.000000     
   392320000.000000     
   392960000.000000     
   393600000.000000     
   394240000.000000     
   394880000.000000     
   395520000.000000     
   396160000.000000     
   396800000.000000     
   397440000.000000     
   398080000.000000     
   398720000.000000     
   399360000.000000     
   400000000.000000     
   400640000.000000     
   401280000.000000     
   401920000.000000     
   402560000.000000     
   403200000.000000     
   403840000.000000     
   404480000.000000     
   405120000.000000     
   405760000.000000     
   406400000.000000     
   407040000.000000     
   407680000.000000     
   408320000.000000     
   408960000.000000     
   409600000.000000     
   410240000.000000     
   410880000.000000     
   411520000.000000     
   412160000.000000     
   412800000.000000     
   413440000.000000     
   414080000.000000     
   414720000.000000     
   415360000.000000     
   416000000.000000     
   416640000.000000     
   417280000.000000     
   417920000.000000     
   418560000.000000     
   419200000.000000     
   419840000.000000     
   420480000.000000     
   421120000.000000     
   421760000.000000     
   422400000.000000     
   423040000.000000     
   423680000.000000     
   424320000.000000     
   424960000.000000     
   425600000.000000     
   426240000.000000     
   426880000.000000     
   427520000.000000     
   428160000.000000     
   428800000.000000     
   429440000.000000     
   430080000.000000     
   430720000.000000     
   431360000.000000     
   432000000.000000     
   432640000.000000     
   433280000.000000     
   433920000.000000     
   434560000.000000     
   435200000.000000     
   435840000.000000     
   436480000.000000     
   437120000.000000     
   437760000.000000     
   438400000.000000     
   439040000.000000     
   439680000.000000     
   440320000.000000     
   440960000.000000     
   441600000.000000     
   442240000.000000     
   442880000.000000     
   443520000.000000     
   444160000.000000     
   444800000.000000     
   445440000.000000     
   446080000.000000     
   446720000.000000     
   447360000.000000     
   448000000.000000     
   448640000.000000     
   449280000.000000     
   449920000.000000     
   450560000.000000     
   451200000.000000     
   451840000.000000     
   452480000.000000     
   453120000.000000     
   453760000.000000     
   454400000.000000     
   455040000.000000     
   455680000.000000     
   456320000.000000     
   456960000.000000     
   457600000.000000     
   458240000.000000     
   458880000.000000     
   459520000.000000     
   460160000.000000     
   460800000.000000     
   461440000.000000     
   462080000.000000     
   462720000.000000     
   463360000.000000     
   464000000.000000     
   464640000.000000     
   465280000.000000     
   465920000.000000     
   466560000.000000     
   467200000.000000     
   467840000.000000     
   468480000.000000     
   469120000.000000     
   469760000.000000     
   470400000.000000     
   471040000.000000     
   471680000.000000     
   472320000.000000     
   472960000.000000     
   473600000.000000     
   474240000.000000     
   474880000.000000     
   475520000.000000     
   476160000.000000     
   476800000.000000     
   477440000.000000     
   478080000.000000     
   478720000.000000     
   479360000.000000     
   480000000.000000     
   480640000.000000     
   481280000.000000     
   481920000.000000     
   482560000.000000     
   483200000.000000     
   483840000.000000     
   484480000.000000     
   485120000.000000     
   485760000.000000     
   486400000.000000     
   487040000.000000     
   487680000.000000     
   488320000.000000     
   488960000.000000     
   489600000.000000     
   490240000.000000     
   490880000.000000     
   491520000.000000     
   492160000.000000     
   492800000.000000     
   493440000.000000     
   494080000.000000     
   494720000.000000     
   495360000.000000     
   496000000.000000     
   496640000.000000     
   497280000.000000     
   497920000.000000     
   498560000.000000     
   499200000.000000     
   499840000.000000     
   500480000.000000     
   501120000.000000     
   501760000.000000     
   502400000.000000     
   503040000.000000     
   503680000.000000     
   504320000.000000     
   504960000.000000     
   505600000.000000     
   506240000.000000     
   506880000.000000     
   507520000.000000     
   508160000.000000     
   508800000.000000     
   509440000.000000     
   510080000.000000     
   510720000.000000     
   511360000.000000     
   512000000.000000     
   512640000.000000     
   513280000.000000     
   513920000.000000     
   514560000.000000     
   515200000.000000     
   515840000.000000     
   516480000.000000     
   517120000.000000     
   517760000.000000     
   518400000.000000     
   519040000.000000     
   519680000.000000     
   520320000.000000     
   520960000.000000     
   521600000.000000     
   522240000.000000     
   522880000.000000     
   523520000.000000     
   524160000.000000     
   524800000.000000     
   525440000.000000     
   526080000.000000     
   526720000.000000     
   527360000.000000     
   528000000.000000     
   528640000.000000     
   529280000.000000     
   529920000.000000     
   530560000.000000     
   531200000.000000     
   531840000.000000     
   532480000.000000     
   533120000.000000     
   533760000.000000     
   534400000.000000     
   535040000.000000     
   535680000.000000     
   536320000.000000     
   536960000.000000     
   537600000.000000     
   538240000.000000     
   538880000.000000     
   539520000.000000     
   540160000.000000     
   540800000.000000     
   541440000.000000     
   542080000.000000     
   542720000.000000     
   543360000.000000     
   544000000.000000     
   544640000.000000     
   545280000.000000     
   545920000.000000     
   546560000.000000     
   547200000.000000     
   547840000.000000     
   548480000.000000     
   549120000.000000     
   549760000.000000     
   550400000.000000     
   551040000.000000     
   551680000.000000     
   552320000.000000     
   552960000.000000     
   553600000.000000     
   554240000.000000     
   554880000.000000     
   555520000.000000     
   556160000.000000     
   556800000.000000     
   557440000.000000     
   558080000.000000     
   558720000.000000     
   559360000.000000     
   560000000.000000     
   560640000.000000     
   561280000.000000     
   561920000.000000     
   562560000.000000     
   563200000.000000     
   563840000.000000     
   564480000.000000     
   565120000.000000     
   565760000.000000     
   566400000.000000     
   567040000.000000     
   567680000.000000     
   568320000.000000     
   568960000.000000     
   569600000.000000     
   570240000.000000     
   570880000.000000     
   571520000.000000     
   572160000.000000     
   572800000.000000     
   573440000.000000     
   574080000.000000     
   574720000.000000     
   575360000.000000     
   576000000.000000     
   576640000.000000     
   577280000.000000     
   577920000.000000     
   578560000.000000     
   579200000.000000     
   579840000.000000     
   580480000.000000     
   581120000.000000     
   581760000.000000     
   582400000.000000     
   583040000.000000     
   583680000.000000     
   584320000.000000     
   584960000.000000     
   585600000.000000     
   586240000.000000     
   586880000.000000     
   587520000.000000     
   588160000.000000     
   588800000.000000     
   589440000.000000     
   590080000.000000     
   590720000.000000     
   591360000.000000     
   592000000.000000     
   592640000.000000     
   593280000.000000     
   593920000.000000     
   594560000.000000     
   595200000.000000     
   595840000.000000     
   596480000.000000     
   597120000.000000     
   597760000.000000     
   598400000.000000     
   599040000.000000     
   599680000.000000     
   600320000.000000     
   600960000.000000     
   601600000.000000     
   602240000.000000     
   602880000.000000     
   603520000.000000     
   604160000.000000     
   604800000.000000     
   605440000.000000     
   606080000.000000     
   606720000.000000     
   607360000.000000     
   608000000.000000     
   608640000.000000     
   609280000.000000     
   609920000.000000     
   610560000.000000     
   611200000.000000     
   611840000.000000     
   612480000.000000     
   613120000.000000     
   613760000.000000     
   614400000.000000     
   615040000.000000     
   615680000.000000     
   616320000.000000     
   616960000.000000     
   617600000.000000     
   618240000.000000     
   618880000.000000     
   619520000.000000     
   620160000.000000     
   620800000.000000     
   621440000.000000     
   622080000.000000     
   622720000.000000     
   623360000.000000     
   624000000.000000     
   624640000.000000     
   625280000.000000     
   625920000.000000     
   626560000.000000     
   627200000.000000     
   627840000.000000     
   628480000.000000     
   629120000.000000     
   629760000.000000     
   630400000.000000     
   631040000.000000     
   631680000.000000     
   632320000.000000     
   632960000.000000     
   633600000.000000     
   634240000.000000     
   634880000.000000     
   635520000.000000     
   636160000.000000     
   636800000.000000     
   637440000.000000     
   638080000.000000     
   638720000.000000     
   639360000.000000     
   640000000.000000     
   640640000.000000     
