   626.9909       994.9526       1303.611       1579.124       1832.350    
   2069.122       2293.033       2506.493       2711.216       2908.479    
   3099.262       3284.344       3464.347       3639.790       3811.100    
   3978.643       4142.729       4303.627       4461.571       4616.767    
   4769.396       4919.622       5067.587       5213.423       5357.248    
   5499.166       5639.276       5777.667       5914.419       6049.609    
   6183.305       6315.569       6446.464       6576.042       6704.357    
   6831.455       6957.382       7082.179       7205.886       7328.540    
   7450.176       7570.827       7690.523       7809.296       7927.173    
   8044.180       8160.341       8275.682       8390.224       8503.989    
   8616.999       8729.272       8840.828       8951.684       9061.858    
   9171.366       9280.225       9388.448       9496.052       9603.049    
   9709.453       9815.277       9920.535       10025.24       10129.39    
   10233.02       10336.12       10438.71       10540.80       10642.40    
   10743.51       10844.16       10944.33       11044.05       11143.32    
   11242.15       11340.55       11438.53       11536.08       11633.23    
   11729.97       11826.31       11922.27       12017.84       12113.03    
   12207.84       12302.29       12396.38       12490.12       12583.50    
   12676.54       12769.24       12861.60       12953.63       13045.34    
   13136.72       13227.79       13318.55       13409.00       13499.14    
   13588.98       13678.53       13767.79       13856.75       13945.44    
   14033.84       14121.96       14209.81       14297.39       14384.71    
   14471.75       14558.54       14645.07       14731.34       14817.36    
   14903.13       14988.66       15073.95       15158.99       15243.79    
   15328.36       15412.70       15496.81       15580.69       15664.34    
   15747.77       15830.98       15913.98       15996.75       16079.32    
   16161.67       16243.81       16325.75       16407.48       16489.01    
   16570.33       16651.46       16732.39       16813.12       16893.66    
   16974.02       17054.18       17134.15       17213.93       17293.54    
   17372.95       17452.19       17531.25       17610.13       17688.83    
   17767.36       17845.72       17923.90       18001.92       18079.76    
   18157.44       18234.96       18312.30       18389.49       18466.51    
   18543.38       18620.08       18696.63       18773.02       18849.25    
   18925.33       19001.26       19077.04       19152.67       19228.14    
   19303.47       19378.66       19453.70       19528.59       19603.34    
   19677.95       19752.41       19826.74       19900.93       19974.98    
   20048.89       20122.67       20196.31       20269.82       20343.19    
   20416.43       20489.54       20562.53       20635.38       20708.10    
   20780.70       20853.17       20925.51       20997.73       21069.82    
   21141.80       21213.65       21285.38       21356.98       21428.47    
   21499.84       21571.09       21642.22       21713.23       21784.14    
   21854.92       21925.59       21996.15       22066.59       22136.93    
   22207.15       22277.26       22347.26       22417.15       22486.93    
   22556.61       22626.17       22695.63       22764.98       22834.23    
   22903.37       22972.41       23041.34       23110.18       23178.90    
   23247.54       23316.06       23384.49       23452.81       23521.04    
   23589.17       23657.20       23725.13       23792.96       23860.70    
   23928.35       23995.89       24063.35       24130.70       24197.97    
   24265.14       24332.21       24399.20       24466.09       24532.89    
   24599.61       24666.23       24732.76       24799.20       24865.55    
   24931.82       24997.99       25064.08       25130.08       25196.00    
   25261.83       25327.57       25393.23       25458.80       25524.30    
   25589.70       25655.02       25720.26       25785.42       25850.49    
   25915.48       25980.39       26045.22       26109.97       26174.64    
   26239.23       26303.74       26368.17       26432.52       26496.79    
   26560.99       26625.11       26689.15       26753.12       26817.01    
   26880.82       26944.56       27008.22       27071.80       27135.32    
   27198.75       27262.12       27325.41       27388.62       27451.77    
   27514.84       27577.84       27640.77       27703.62       27766.41    
   27829.12       27891.77       27954.34       28016.84       28079.28    
   28141.64       28203.93       28266.16       28328.32       28390.41    
   28452.43       28514.38       28576.27       28638.09       28699.85    
   28761.53       28823.15       28884.71       28946.20       29007.62    
   29068.98       29130.28       29191.51       29252.67       29313.78    
   29374.82       29435.79       29496.70       29557.55       29618.34    
   29679.07       29739.73       29800.33       29860.87       29921.35    
   29981.76       30042.12       30102.41       30162.65       30222.82    
   30282.94       30343.00       30402.99       30462.93       30522.81    
   30582.63       30642.39       30702.09       30761.74       30821.32    
   30880.85       30940.33       30999.74       31059.10       31118.40    
   31177.65       31236.83       31295.97       31355.04       31414.06    
   31473.04       31531.94       31590.80       31649.60       31708.35    
   31767.04       31825.68       31884.26       31942.79       32001.27    
   32059.69       32118.06       32176.38       32234.64       32292.86    
   32351.02       32409.12       32467.18       32525.18       32583.13    
   32641.03       32698.88       32756.68       32814.43       32872.12    
   32929.77       32987.36       33044.91       33102.40       33159.84    
   33217.24       33274.59       33331.88       33389.13       33446.33    
   33503.48       33560.57       33617.63       33674.63       33731.59    
   33788.49       33845.35       33902.16       33958.93       34015.64    
   34072.31       34128.94       34185.51       34242.04       34298.52    
   34354.96       34411.35       34467.69       34523.99       34580.24    
   34636.45       34692.60       34748.72       34804.79       34860.81    
   34916.79       34972.72       35028.61       35084.46       35140.26    
   35196.02       35251.73       35307.39       35363.02       35418.60    
   35474.13       35529.63       35585.08       35640.49       35695.85    
   35751.17       35806.45       35861.69       35916.88       35972.03    
   36027.14       36082.20       36137.23       36192.21       36247.16    
   36302.05       36356.91       36411.73       36466.50       36521.24    
   36575.93       36630.58       36685.20       36739.77       36794.29    
   36848.79       36903.23       36957.64       37012.01       37066.34    
   37120.64       37174.89       37229.10       37283.27       37337.40    
   37391.49       37445.54       37499.56       37553.54       37607.47    
   37661.37       37715.23       37769.05       37822.84       37876.58    
   37930.29       37983.96       38037.59       38091.18       38144.73    
   38198.25       38251.73       38305.18       38358.58       38411.95    
   38465.28       38518.58       38571.83       38625.05       38678.24    
   38731.39       38784.50       38837.57       38890.61       38943.62    
   38996.58       39049.51       39102.41       39155.27       39208.09    
   39260.88       39313.63       39366.35       39419.03       39471.68    
   39524.29       39576.86       39629.41       39681.91       39734.39    
   39786.82       39839.23       39891.59       39943.93       39996.23    
   40048.50       40100.73       40152.93       40205.09       40257.22    
   40309.32       40361.38       40413.41       40465.40       40517.36    
   40569.29       40621.19       40673.05       40724.88       40776.68    
   40828.44       40880.17       40931.87       40983.54       41035.16    
   41086.77       41138.34       41189.87       41241.38       41292.84    
   41344.29       41395.69       41447.07       41498.41       41549.72    
   41601.00       41652.25       41703.47       41754.66       41805.81    
   41856.93       41908.03       41959.09       42010.12       42061.11    
   42112.08       42163.02       42213.93       42264.80       42315.65    
   42366.46       42417.24       42468.00       42518.72       42569.41    
   42620.07       42670.71       42721.31       42771.89       42822.43    
   42872.94       42923.43       42973.88       43024.30       43074.70    
   43125.06       43175.40       43225.71       43275.98       43326.23    
   43376.45       43426.64       43476.80       43526.93       43577.04    
   43627.11       43677.15       43727.17       43777.16       43827.12    
   43877.05       43926.95       43976.83       44026.68       44076.49    
   44126.28       44176.05       44225.78       44275.48       44325.16    
   44374.81       44424.44       44474.03       44523.60       44573.14    
   44622.65       44672.14       44721.59       44771.02       44820.43    
   44869.80       44919.15       44968.47       45017.77       45067.03    
   45116.27       45165.48       45214.68       45263.83       45312.96    
   45362.07       45411.16       45460.20       45509.23       45558.23    
   45607.21       45656.16       45705.07       45753.97       45802.84    
   45851.68       45900.50       45949.29       45998.05       46046.80    
   46095.51       46144.20       46192.87       46241.50       46290.11    
   46338.70       46387.26       46435.80       46484.30       46532.79    
   46581.25       46629.68       46678.09       46726.47       46774.84    
   46823.17       46871.47       46919.76       46968.02       47016.25    
   47064.46       47112.64       47160.80       47208.94       47257.05    
   47305.14       47353.20       47401.24       47449.25       47497.24    
   47545.20       47593.15       47641.06       47688.95       47736.83    
   47784.67       47832.50       47880.29       47928.07       47975.81    
   48023.54       48071.23       48118.91       48166.57       48214.20    
   48261.80       48309.39       48356.95       48404.48       48452.00    
   48499.50       48546.96       48594.41       48641.82       48689.22    
   48736.60       48783.95       48831.28       48878.58       48925.87    
   48973.13       49020.36       49067.58       49114.77       49161.94    
   49209.09       49256.21       49303.31       49350.39       49397.45    
   49444.48       49491.49       49538.48       49585.45       49632.39    
   49679.32       49726.21       49773.09       49819.95       49866.79    
   49913.60       49960.39       50007.16       50053.90       50100.63    
   50147.34       50194.02       50240.67       50287.31       50333.93    
   50380.52       50427.09       50473.65       50520.18       50566.68    
   50613.18       50659.64       50706.08       50752.51       50798.91    
   50845.29       50891.65       50937.99       50984.31       51030.60    
   51076.88       51123.14       51169.37       51215.59       51261.78    
   51307.94       51354.10       51400.22       51446.34       51492.42    
   51538.49       51584.54       51630.57       51676.57       51722.57    
   51768.52       51814.47       51860.39       51906.30       51952.19    
   51998.05       52043.89       52089.71       52135.52       52181.30    
   52227.06       52272.81       52318.53       52364.23       52409.92    
   52455.58       52501.22       52546.84       52592.45       52638.03    
   52683.60       52729.15       52774.67       52820.17       52865.66    
   52911.13       52956.57       53002.00       53047.41       53092.80    
   53138.17       53183.52       53228.84       53274.15       53319.45    
   53364.72       53409.97       53455.21       53500.43       53545.62    
   53590.79       53635.95       53681.09       53726.21       53771.31    
   53816.40       53861.46       53906.50       53951.53       53996.54    
   54041.52       54086.49       54131.45       54176.37       54221.29    
   54266.18       54311.05       54355.91       54400.75       54445.57    
   54490.37       54535.16       54579.93       54624.67       54669.39    
   54714.11       54758.80       54803.47       54848.13       54892.77    
   54937.39       54981.98       55026.57       55071.13       55115.69    
   55160.21       55204.72       55249.21       55293.68       55338.14    
   55382.58       55427.00       55471.40       55515.78       55560.14    
   55604.49       55648.82       55693.14       55737.43       55781.71    
   55825.97       55870.21       55914.44       55958.65       56002.84    
   56047.01       56091.17       56135.30       56179.43       56223.53    
   56267.62       56311.69       56355.74       56399.77       56443.79    
   56487.79       56531.77       56575.74       56619.68       56663.62    
   56707.53       56751.43       56795.31       56839.17       56883.02    
   56926.85       56970.66       57014.46       57058.25       57102.00    
   57145.75       57189.48       57233.19       57276.89       57320.56    
   57364.23       57407.88       57451.50       57495.12       57538.71    
   57582.30       57625.86       57669.41       57712.93       57756.45    
   57799.95       57843.43       57886.89       57930.34       57973.77    
   58017.18       58060.59       58103.96       58147.34       58190.69    
   58234.03       58277.34       58320.65       58363.93       58407.21    
   58450.46       58493.70       58536.92       58580.13       58623.32    
   58666.50       58709.65       58752.79       58795.93       58839.04    
   58882.13       58925.21       58968.28       59011.32       59054.36    
   59097.38       59140.38       59183.36       59226.33       59269.29    
   59312.22       59355.15       59398.06       59440.95       59483.82    
   59526.69       59569.54       59612.37       59655.18       59697.98    
   59740.77       59783.54       59826.29       59869.03       59911.75    
   59954.46       59997.16       60039.83       60082.50       60125.14    
   60167.78       60210.39       60252.99       60295.58       60338.15    
   60380.71       60423.25       60465.79       60508.29       60550.79    
   60593.27       60635.75       60678.20       60720.64       60763.05    
   60805.46       60847.86       60890.23       60932.60       60974.95    
   61017.28       61059.60       61101.91       61144.20       61186.48    
   61228.73       61270.98       61313.22       61355.43       61397.63    
   61439.82       61482.00       61524.16       61566.30       61608.44    
   61650.55       61692.65       61734.75       61776.82       61818.88    
   61860.92       61902.95       61944.96       61986.97       62028.96    
   62070.93       62112.89       62154.83       62196.77       62238.68    
   62280.59       62322.48       62364.34       62406.21       62448.06    
   62489.89       62531.71       62573.51       62615.30      
